-1301261054
1803257858
1768505116
-1851659369
129095961
-900230318
-348096162
1037130752
936795879
1399790484
1100850944
-473449965
-1259847210
-1262173463
-1077155831
447367593
-1244822617
-433108860
2042956087
2063137790
1671950778
796163745
1804956890
-122103608
-1900291443
1128868790
-1869361666
-122461045
-573696126
-539931929
1993644495
-485124053
-1565364508
251617214
-1897620679
927874498
-2100325845
-605499110
-1688550194
-491469133
-219267969
-1190101144
-780344083
41873151
-419613318
-167245295
1916825631
186434007
-791921614
1138456627
-2086466108
544723825
677125750
516044946
1676462830
-452213729
-847085482
-338973488
-584575092
647717020
-243001368
300725212
892989898
665252777
942694729
1647765416
684123064
972922072
-13234462
-900103650
1656207145
1779220646
1477949932
-904454828
-1845820451
-382868017
563910453
660259581
-649135134
409244638
-1190054877
1212808994
-1146021322
-1039988989
510164985
-967251438
-2117625935
-2134520536
-796023463
-1002414697
728943137
593731653
-1925482487
1376110954
-2098015818
1032851955
-105481479
1766284008
-1494206304
272948287
-1005403516
1878420484
343697654
-1676743743
1199519478
-1814729345
-1140253479
1985574636
765721422
78495831
983837913
-545081690
-205915068
428159612
-843620201
1881871386
-270668916
-1117646135
-916314710
1776869325
1115761500
1168642097
712855750
-2020088337
-1660981716
-1375250375
-1682485989
-451054605
-1987572036
2006624421
-482779654
-487677087
-973708197
1500006518
36492990
-2144338454
-1423665307
189078547
1400990953
-1809658180
-1460094452
-1470609211
163842188
906343704
-1121703589
393288552
-1897416980
-153924575
-477529480
742925919
1658364770
-610075659
-1010993111
-1730164024
818625155
656230401
56358041
-2000183056
1572330367
1706438288
1630630746
-733383671
1586871246
544566693
231141293
113100058
-1460805368
1849540875
451756801
347146550
646534420
16870826
-1715867719
593630960
999028869
-2073842149
1564431410
1857386253
-947939520
1126945917
-463042044
1681951867
468263777
971519369
-1225689722
-590690430
-667141537
2087465187
1561315735
-657303496
-2120263571
850782899
-564526181
-612035526
-1221239261
1434290804
-2135841852
2037744536
667372637
-1267133685
-239721070
-1470150383
636705379
-42129381
-2106426212
47012223
-2102080951
1431590039
215947664
1755821716
1969889177
1319872152
705739639
64331974
-222979026
1913435248
-1095986883
-914590584
854468450
952786686
-2051117200
-1808619846
-74120341
88532291
546709064
486642785
-676924158
-900784843
-1994587161
-1886905958
-18497211
1387259347
1399172832
-1808063541
-1767823907
1592272505
2001405181
1105244956
-178999453
-1708462220
-334685636
-130744539
132256255
252350425
37090331
678474472
696641618
-1335970670
1810939157
811758593
421461141
2038752441
1570909291
-918738660
87982082
-348393688
943269415
-144723034
1593431154
1699749200
547018589
-1418587962
-1747137465
1247231818
-1543646540
1518278030
-1679457141
-2028411605
-1271140060
695286381
-1688126119
607148443
-1990526208
63711720
336843899
-348442200
990403895
753141385
1669973588
-356481577
-1648070954
-647062505
269408512
573188220
1346243280
-463867898
1354880441
-890606261
640123393
815195441
-1042287492
1384011310
-1160107664
691922630
384359915
61159768
-273807148
-1386295680
-1696176268
-1054591847
876571993
-1674806756
1714515379
-755170829
2050253987
-330841083
46100757
895811950
-1364171758
1962201937
1251662013
-1069380568
298098760
1027667696
1239547818
-607918929
470800615
-1563525086
-456691687
-603694957
749247647
190795817
-1529876185
-269916363
-1852225177
546180416
-181318982
1202389477
-1008382711
129053387
-151067742
-2095630036
-914134556
1340240079
285187578
-137172123
-2077162515
-791146845
920294868
702433426
1874770422
-974830361
1040098836
767377260
-1514746061
-1672363339
1048762268
957425595
1531062521
847761942
561782441
-1787675160
-247929657
1503383479
-282654084
2133640144
-778581366
-207164964
-469087428
1332665050
-110878948
-493200747
-1490996710
347171659
916167437
1942982958
1785434038
1844948184
-681145946
267189995
758289600
-215604100
379474986
-1409385740
-1977050910
-1754584181
-904200865
-216305266
1568926685
2143310855
1298026828
-18591092
1855132914
-1876083150
-279196349
197391108
390800514
468300644
680035361
729339460
2033646584
1745230366
-280067372
137728518
607694822
454989662
-927762147
1139196387
-2030278546
-401706700
-642078058
-2061484539
353264611
853444245
-1341756426
1830455585
-1451491409
-1484590994
-1514295148
1262791075
1493298038
-1767301124
1644063785
-1434590678
306702971
-552006054
-1133654823
-1118962378
667731778
2000769371
872649076
548020255
606821751
-1414583911
-1220673544
-2093000376
814472718
-1984897586
-222281638
152788372
1554166187
-227412127
53813125
69151001
1641061699
-1882835900
-865304926
137262867
235801858
-2116992516
1783231130
-372620005
-1987729041
-1727621632
75454424
-1242311272
-1319068979
1541273415
-1669964205
-1105664651
-41345340
-665940708
1366839755
-241104620
-330410944
1340835636
-1303141806
-1413520254
-132226663
2006627073
1773334797
111882987
1195006196
713986632
1263641915
-1869295281
-711360792
-927807759
813059447
-1043054475
-194521244
-866981859
1507545401
-634826208
-354018097
-1900997506
682800802
1404368256
-131103376
1757599202
-403046280
416700139
1053555471
-509597169
1327458414
1166919372
2017175772
144295126
524941737
-793601061
169018256
1521016674
1101680511
-731347826
-166940718
725362896
-1487799167
-753665074
-2065110309
-863327228
-1502880325
-1110125330
-1085777572
214875834
-40903111
1451823832
841638046
-916959781
412151501
-389448055
-325751317
-1484317935
-1026804209
376746174
-1955475412
-1682784355
2112666789
1551139567
-570030125
1017959
428284356
-21685380
-1425166086
654081878
-1943739402
-1509684954
1112697804
-1374145054
428861981
1258365376
1396729635
1463756006
1890154679
632428581
1550217587
-613435974
219819875
-1931149972
2087433189
1723680897
48966307
-1164107430
1761835974
624741310
-1545501214
-1098316265
1711912482
1147844909
-1535018567
-331916507
-1132920404
-466383920
-1993434515
1672229773
9796320
-742063289
-147653956
-11080870
1857398379
1642055780
-774949160
-1115918261
1757748682
-1815722242
-586044493
1546707395
842195504
1784598789
-2024579459
1094106116
381122988
2011979479
-887269270
1237910172
1081948811
2065858769
773946040
-726065634
1442277626
1670272551
1394478832
1252024597
492505840
-2003329800
-2076993685
-814716874
-1787390390
-990236772
-307715049
1437387220
1339284790
-171343040
-561008773
1632356504
551673045
1125448629
2038384632
-1109197456
379212316
-497211260
2077034833
-861918009
-554616582
1299660613
-1715459476
-639780105
-1952802369
1685940016
-633822375
-752520197
-1030403908
-1539331596
412364691
1684773481
-1599112154
-1651335737
-1603620730
-780701282
-1222353857
-1709826882
-1202736047
504215354
-574623305
-639656610
-278977332
1204076494
-236382642
-401014670
1765237452
1857104596
-825799746
341698590
90395045
-107650593
-1112236840
1756294196
-1369762064
-1506978029
-1635128083
1232289733
-244673907
1641232086
123099503
-210330629
406377195
22085831
1895338454
-61176794
-1231287930
-209830930
739985864
-506513645
538559409
-930596299
-1367070349
878305700
-1473549419
-2101960937
-843653059
2024990365
1532712313
-1268441706
-1746649697
2117563
-170992317
1023844722
-1187548082
-1847739382
-233416643
1133860759
672263067
1055154040
1499717404
-887731754
1088963355
1668999076
-2133445570
-720469544
-2139526006
136206843
-1768601037
-1858934961
-1019019284
852639494
290598527
679169389
-643551756
-1946702084
93609117
-2024512615
2069034154
330306462
-1571111611
1580432736
954038855
-1345735868
-1305029135
-863345239
556511843
-1820239566
-882053987
-1354190548
-107761327
-79319249
-1324604465
-319077339
1398100425
1415453784
1688064726
-579731644
-1887956792
-1541391055
742104661
-857815065
1011893171
696011004
-1076882173
-908042358
-996209470
-1487275955
1379783851
1310637693
1771221403
1002750174
-328893574
-1186601512
488847421
-394298721
-1060968071
294083756
1403088415
444908049
-1294035369
-1969632133
-133382760
1081781204
1045954412
665940201
-1457097343
1635097982
1914335738
-1922871630
2071947032
1053777837
-1784826443
554722782
153550375
-896221857
-869770364
-1282059469
1483814757
559760512
757183625
-1345448725
2059082011
394656708
484291935
-1840978265
-127167990
805380535
-2027075166
-111253341
-1696013685
997869841
144825267
63211050
-1239878664
984573518
756749500
-923480245
730153546
-1814781314
237115633
1156463052
1470184451
1910638425
-1442462695
256212318
1748778062
-888711018
-371217844
380010258
538346339
846442108
551674110
2134671371
1227018544
912500152
-959851461
-1008598155
1937016373
-1488832399
-1168856012
-1567318091
-1535873361
483759257
-1420425479
-340250911
922000376
1412596614
-1629877625
1954026098
-211947475
1506162368
1321734917
-1773371848
-843562991
-1217425892
1913356618
1804926605
1475882800
1016998665
-2036568669
1788390861
-804509113
788456745
1276789458
-531641083
1691624418
1520596003
-934902440
-765348886
1640363847
973365943
-20034826
-419607541
280663442
1176870674
-810211727
2028047178
1518231841
-28361629
194808726
156148104
864115505
-1018742355
1464790909
-672150113
1219102665
-1274388002
279324945
-984019563
-484955178
532388129
-229059121
1991450125
-1227699817
984230768
-1699559731
1541635328
170852155
-933891988
-2030519811
337994669
7580615
-1552852880
980935602
1122233294
-1676149187
340702947
-1723462557
922014731
1916359418
-282632755
1941915311
-2074699853
-607714465
-2088739156
-1793424991
-2087989847
1739131827
-1780874104
-1656849612
1826161308
1175497544
1511283525
-2003511527
-934706566
-1771019557
-1329309641
271670711
817022245
-779422400
-1722124293
1300211570
-415927705
-1109438914
-944446076
386512943
-1724501725
1622242231
-758874508
-200388840
-1548241458
2135876876
1418545324
-490344804
1604502556
1966017727
926952742
1570889913
-501213187
980854873
146082817
1858124669
-1779209782
1836010125
-1838580259
1518873033
369492411
1727159197
-1046882711
-1559495592
1631751837
-673629188
-1773192135
1239860991
1942696896
175795508
-493426212
900238902
1420689973
-1319770871
-104600531
793004246
-120893127
-1718554914
2078142953
-1020446173
-287004181
-1224458408
1886716034
1835100173
-2063451579
-962257343
1060839986
1471066546
398984009
1295829678
1900175698
-632010201
271791738
-2115011230
-993090325
687512440
-20220275
-532238988
344998541
-1390946836
2077945696
-1299678416
185948511
-1820872819
1710979371
224421179
294472311
-654239770
-1569309964
-8672263
1859838571
-2093161458
953581640
1425934130
111609896
-942885147
199734823
1440322035
-1863383807
1395763613
1231143743
-1856040782
-962151926
121010300
503721821
-1224084043
-1061661017
-733399073
824430112
-287455309
1496343647
1800197505
-1214390033
1088474811
-1946272779
-1624577539
-1628511188
-1382405292
-1164036167
1525849745
-479298647
1329052645
92550939
182037284
-844811685
-2040368041
745686912
2017505417
-1209007796
219024376
760251992
